2017/11/23-00:49:28.261919 7f89c6e90700 RocksDB version: 4.6.1
2017/11/23-00:49:28.261945 7f89c6e90700 Git sha rocksdb_build_git_sha:8d7926a766f2ab9bd6e7aa8cba80b5d3ff26c52b
2017/11/23-00:49:28.261946 7f89c6e90700 Compile date Oct  6 2017
2017/11/23-00:49:28.261949 7f89c6e90700 DB SUMMARY
2017/11/23-00:49:28.261972 7f89c6e90700 CURRENT file:  CURRENT
2017/11/23-00:49:28.261973 7f89c6e90700 IDENTITY file:  IDENTITY
2017/11/23-00:49:28.261976 7f89c6e90700 MANIFEST file:  MANIFEST-000017 size: 59 Bytes
2017/11/23-00:49:28.261977 7f89c6e90700 SST files in assignment2-slave.db dir, Total Num: 0, files: 
2017/11/23-00:49:28.261978 7f89c6e90700 Write Ahead Log file in assignment2-slave.db: 000018.log size: 0 ; 
2017/11/23-00:49:28.261979 7f89c6e90700          Options.error_if_exists: 0
2017/11/23-00:49:28.261980 7f89c6e90700        Options.create_if_missing: 1
2017/11/23-00:49:28.261981 7f89c6e90700          Options.paranoid_checks: 1
2017/11/23-00:49:28.261981 7f89c6e90700                      Options.env: 0x7f89c1ea7d60
2017/11/23-00:49:28.261982 7f89c6e90700                 Options.info_log: 0x20ef6a0
2017/11/23-00:49:28.261982 7f89c6e90700           Options.max_open_files: 5000
2017/11/23-00:49:28.261983 7f89c6e90700 Options.max_file_opening_threads: 1
2017/11/23-00:49:28.261983 7f89c6e90700       Options.max_total_wal_size: 0
2017/11/23-00:49:28.261984 7f89c6e90700        Options.disableDataSync: 0
2017/11/23-00:49:28.261985 7f89c6e90700              Options.use_fsync: 0
2017/11/23-00:49:28.261985 7f89c6e90700      Options.max_log_file_size: 0
2017/11/23-00:49:28.261986 7f89c6e90700 Options.max_manifest_file_size: 18446744073709551615
2017/11/23-00:49:28.261986 7f89c6e90700      Options.log_file_time_to_roll: 0
2017/11/23-00:49:28.261987 7f89c6e90700      Options.keep_log_file_num: 1000
2017/11/23-00:49:28.261987 7f89c6e90700   Options.recycle_log_file_num: 0
2017/11/23-00:49:28.261988 7f89c6e90700        Options.allow_os_buffer: 1
2017/11/23-00:49:28.261988 7f89c6e90700       Options.allow_mmap_reads: 0
2017/11/23-00:49:28.261989 7f89c6e90700       Options.allow_fallocate: 1
2017/11/23-00:49:28.261989 7f89c6e90700      Options.allow_mmap_writes: 0
2017/11/23-00:49:28.261990 7f89c6e90700          Options.create_missing_column_families: 0
2017/11/23-00:49:28.261991 7f89c6e90700                              Options.db_log_dir: 
2017/11/23-00:49:28.261991 7f89c6e90700                                 Options.wal_dir: assignment2-slave.db
2017/11/23-00:49:28.261992 7f89c6e90700                Options.table_cache_numshardbits: 4
2017/11/23-00:49:28.261992 7f89c6e90700     Options.delete_obsolete_files_period_micros: 21600000000
2017/11/23-00:49:28.261993 7f89c6e90700              Options.base_background_compactions: 1
2017/11/23-00:49:28.261993 7f89c6e90700              Options.max_background_compactions: 1
2017/11/23-00:49:28.261994 7f89c6e90700                      Options.max_subcompactions: 1
2017/11/23-00:49:28.261994 7f89c6e90700                  Options.max_background_flushes: 1
2017/11/23-00:49:28.261995 7f89c6e90700                         Options.WAL_ttl_seconds: 0
2017/11/23-00:49:28.261995 7f89c6e90700                       Options.WAL_size_limit_MB: 0
2017/11/23-00:49:28.261996 7f89c6e90700             Options.manifest_preallocation_size: 4194304
2017/11/23-00:49:28.261997 7f89c6e90700                          Options.allow_os_buffer: 1
2017/11/23-00:49:28.261997 7f89c6e90700                         Options.allow_mmap_reads: 0
2017/11/23-00:49:28.261998 7f89c6e90700                        Options.allow_mmap_writes: 0
2017/11/23-00:49:28.261998 7f89c6e90700                      Options.is_fd_close_on_exec: 1
2017/11/23-00:49:28.261999 7f89c6e90700                    Options.stats_dump_period_sec: 600
2017/11/23-00:49:28.261999 7f89c6e90700                    Options.advise_random_on_open: 1
2017/11/23-00:49:28.262000 7f89c6e90700                     Options.db_write_buffer_size: 0d
2017/11/23-00:49:28.262000 7f89c6e90700          Options.access_hint_on_compaction_start: NORMAL
2017/11/23-00:49:28.262001 7f89c6e90700   Options.new_table_reader_for_compaction_inputs: 0
2017/11/23-00:49:28.262001 7f89c6e90700                Options.compaction_readahead_size: 0d
2017/11/23-00:49:28.262006 7f89c6e90700                Options.random_access_max_buffer_size: 1048576d
2017/11/23-00:49:28.262007 7f89c6e90700               Options.writable_file_max_buffer_size: 1048576d
2017/11/23-00:49:28.262008 7f89c6e90700                       Options.use_adaptive_mutex: 0
2017/11/23-00:49:28.262008 7f89c6e90700                             Options.rate_limiter: (nil)
2017/11/23-00:49:28.262009 7f89c6e90700      Options.sst_file_manager.rate_bytes_per_sec: 0
2017/11/23-00:49:28.262009 7f89c6e90700                           Options.bytes_per_sync: 0
2017/11/23-00:49:28.262010 7f89c6e90700                       Options.wal_bytes_per_sync: 0
2017/11/23-00:49:28.262010 7f89c6e90700                        Options.wal_recovery_mode: 0
2017/11/23-00:49:28.262011 7f89c6e90700                   Options.enable_thread_tracking: 0
2017/11/23-00:49:28.262011 7f89c6e90700          Options.allow_concurrent_memtable_write: 0
2017/11/23-00:49:28.262012 7f89c6e90700       Options.enable_write_thread_adaptive_yield: 0
2017/11/23-00:49:28.262012 7f89c6e90700              Options.write_thread_max_yield_usec: 100
2017/11/23-00:49:28.262013 7f89c6e90700             Options.write_thread_slow_yield_usec: 3
2017/11/23-00:49:28.262014 7f89c6e90700                                Options.row_cache: None
2017/11/23-00:49:28.262014 7f89c6e90700        Options.wal_filter: None
2017/11/23-00:49:28.262015 7f89c6e90700 Compression algorithms supported:
2017/11/23-00:49:28.262016 7f89c6e90700 	Snappy supported: 1
2017/11/23-00:49:28.262016 7f89c6e90700 	Zlib supported: 1
2017/11/23-00:49:28.262017 7f89c6e90700 	Bzip supported: 1
2017/11/23-00:49:28.262017 7f89c6e90700 	LZ4 supported: 0
2017/11/23-00:49:28.262018 7f89c6e90700 Fast CRC32 supported: 1
2017/11/23-00:49:28.262049 7f89c6e90700 Recovering from manifest file: MANIFEST-000017
2017/11/23-00:49:28.262060 7f89c6e90700 --------------- Options for column family [default]:
2017/11/23-00:49:28.262061 7f89c6e90700               Options.comparator: rocksdb.InternalKeyComparator:leveldb.BytewiseComparator
2017/11/23-00:49:28.262062 7f89c6e90700           Options.merge_operator: None
2017/11/23-00:49:28.262063 7f89c6e90700        Options.compaction_filter: None
2017/11/23-00:49:28.262063 7f89c6e90700        Options.compaction_filter_factory: None
2017/11/23-00:49:28.262064 7f89c6e90700         Options.memtable_factory: SkipListFactory
2017/11/23-00:49:28.262064 7f89c6e90700            Options.table_factory: BlockBasedTable
2017/11/23-00:49:28.262073 7f89c6e90700            table_factory options:   flush_block_policy_factory: FlushBlockBySizePolicyFactory (0x20eb320)
  cache_index_and_filter_blocks: 0
  index_type: 0
  hash_index_allow_collision: 1
  checksum: 1
  no_block_cache: 0
  block_cache: 0x20ec400
  block_cache_size: 8388608
  block_cache_compressed: (nil)
  block_size: 4096
  block_size_deviation: 10
  block_restart_interval: 16
  index_block_restart_interval: 1
  filter_policy: nullptr
  whole_key_filtering: 1
  skip_table_builder_flush: 0
  format_version: 2
2017/11/23-00:49:28.262074 7f89c6e90700        Options.write_buffer_size: 4194304
2017/11/23-00:49:28.262075 7f89c6e90700  Options.max_write_buffer_number: 2
2017/11/23-00:49:28.262076 7f89c6e90700          Options.compression: Snappy
2017/11/23-00:49:28.262076 7f89c6e90700       Options.prefix_extractor: nullptr
2017/11/23-00:49:28.262077 7f89c6e90700             Options.num_levels: 7
2017/11/23-00:49:28.262077 7f89c6e90700        Options.min_write_buffer_number_to_merge: 1
2017/11/23-00:49:28.262078 7f89c6e90700     Options.max_write_buffer_number_to_maintain: 0
2017/11/23-00:49:28.262079 7f89c6e90700            Options.compression_opts.window_bits: -14
2017/11/23-00:49:28.262079 7f89c6e90700                  Options.compression_opts.level: -1
2017/11/23-00:49:28.262080 7f89c6e90700               Options.compression_opts.strategy: 0
2017/11/23-00:49:28.262080 7f89c6e90700      Options.level0_file_num_compaction_trigger: 4
2017/11/23-00:49:28.262081 7f89c6e90700          Options.level0_slowdown_writes_trigger: 20
2017/11/23-00:49:28.262086 7f89c6e90700              Options.level0_stop_writes_trigger: 24
2017/11/23-00:49:28.262086 7f89c6e90700                   Options.target_file_size_base: 2097152
2017/11/23-00:49:28.262087 7f89c6e90700             Options.target_file_size_multiplier: 1
2017/11/23-00:49:28.262087 7f89c6e90700                Options.max_bytes_for_level_base: 10485760
2017/11/23-00:49:28.262088 7f89c6e90700 Options.level_compaction_dynamic_level_bytes: 0
2017/11/23-00:49:28.262089 7f89c6e90700          Options.max_bytes_for_level_multiplier: 10
2017/11/23-00:49:28.262089 7f89c6e90700 Options.max_bytes_for_level_multiplier_addtl[0]: 1
2017/11/23-00:49:28.262090 7f89c6e90700 Options.max_bytes_for_level_multiplier_addtl[1]: 1
2017/11/23-00:49:28.262090 7f89c6e90700 Options.max_bytes_for_level_multiplier_addtl[2]: 1
2017/11/23-00:49:28.262091 7f89c6e90700 Options.max_bytes_for_level_multiplier_addtl[3]: 1
2017/11/23-00:49:28.262092 7f89c6e90700 Options.max_bytes_for_level_multiplier_addtl[4]: 1
2017/11/23-00:49:28.262092 7f89c6e90700 Options.max_bytes_for_level_multiplier_addtl[5]: 1
2017/11/23-00:49:28.262093 7f89c6e90700 Options.max_bytes_for_level_multiplier_addtl[6]: 1
2017/11/23-00:49:28.262093 7f89c6e90700       Options.max_sequential_skip_in_iterations: 8
2017/11/23-00:49:28.262094 7f89c6e90700              Options.expanded_compaction_factor: 25
2017/11/23-00:49:28.262094 7f89c6e90700                Options.source_compaction_factor: 1
2017/11/23-00:49:28.262095 7f89c6e90700          Options.max_grandparent_overlap_factor: 10
2017/11/23-00:49:28.262095 7f89c6e90700                        Options.arena_block_size: 524288
2017/11/23-00:49:28.262114 7f89c6e90700   Options.soft_pending_compaction_bytes_limit: 0
2017/11/23-00:49:28.262115 7f89c6e90700   Options.hard_pending_compaction_bytes_limit: 0
2017/11/23-00:49:28.262116 7f89c6e90700       Options.rate_limit_delay_max_milliseconds: 1000
2017/11/23-00:49:28.262117 7f89c6e90700                Options.disable_auto_compactions: 0
2017/11/23-00:49:28.262118 7f89c6e90700                           Options.filter_deletes: 0
2017/11/23-00:49:28.262118 7f89c6e90700           Options.verify_checksums_in_compaction: 1
2017/11/23-00:49:28.262119 7f89c6e90700                         Options.compaction_style: 0
2017/11/23-00:49:28.262120 7f89c6e90700                           Options.compaction_pri: 0
2017/11/23-00:49:28.262120 7f89c6e90700  Options.compaction_options_universal.size_ratio: 1
2017/11/23-00:49:28.262121 7f89c6e90700 Options.compaction_options_universal.min_merge_width: 2
2017/11/23-00:49:28.262121 7f89c6e90700 Options.compaction_options_universal.max_merge_width: 4294967295
2017/11/23-00:49:28.262122 7f89c6e90700 Options.compaction_options_universal.max_size_amplification_percent: 200
2017/11/23-00:49:28.262123 7f89c6e90700 Options.compaction_options_universal.compression_size_percent: -1
2017/11/23-00:49:28.262123 7f89c6e90700 Options.compaction_options_fifo.max_table_files_size: 1073741824
2017/11/23-00:49:28.262124 7f89c6e90700                   Options.table_properties_collectors: 
2017/11/23-00:49:28.262125 7f89c6e90700                   Options.inplace_update_support: 0
2017/11/23-00:49:28.262125 7f89c6e90700                 Options.inplace_update_num_locks: 10000
2017/11/23-00:49:28.262126 7f89c6e90700               Options.min_partial_merge_operands: 2
2017/11/23-00:49:28.262126 7f89c6e90700               Options.memtable_prefix_bloom_bits: 0
2017/11/23-00:49:28.262127 7f89c6e90700             Options.memtable_prefix_bloom_probes: 6
2017/11/23-00:49:28.262127 7f89c6e90700   Options.memtable_prefix_bloom_huge_page_tlb_size: 0
2017/11/23-00:49:28.262128 7f89c6e90700                           Options.bloom_locality: 0
2017/11/23-00:49:28.262129 7f89c6e90700                    Options.max_successive_merges: 0
2017/11/23-00:49:28.262129 7f89c6e90700                Options.optimize_filters_for_hits: 0
2017/11/23-00:49:28.262130 7f89c6e90700                Options.paranoid_file_checks: 0
2017/11/23-00:49:28.262130 7f89c6e90700                Options.compaction_measure_io_stats: 0
2017/11/23-00:49:28.262186 7f89c6e90700 Recovered from manifest file:assignment2-slave.db/MANIFEST-000017 succeeded,manifest_file_number is 17, next_file_number is 19, last_sequence is 0, log_number is 0,prev_log_number is 0,max_column_family is 0
2017/11/23-00:49:28.262188 7f89c6e90700 Column family [default] (ID 0), log number is 16
2017/11/23-00:49:28.262217 7f89c6e90700 EVENT_LOG_v1 {"time_micros": 1511398168262214, "job": 1, "event": "recovery_started", "log_files": [18]}
2017/11/23-00:49:28.262223 7f89c6e90700 Recovering log #18 mode 0 skip-recovery 0
2017/11/23-00:49:28.262232 7f89c6e90700 Creating manifest 20
2017/11/23-00:49:28.341701 7f89c6e90700 EVENT_LOG_v1 {"time_micros": 1511398168341691, "job": 1, "event": "recovery_finished"}
2017/11/23-00:49:28.399218 7f89c6e90700 DB pointer 0x20eedc0
